$ANSIBLE_VAULT;1.1;AES256
66313535613365323632393964386262363363623438343330356339373666363236653563323062
6364616364383133373334633765326635323235333739640a353862633834393833346634656564
64616666323663316464626138646132373062666261613232663364373762636338343463356565
3764323161376466300a303365316336376361646662323561316136653939623631663734656234
63616663633537636261303866373037396234653366313335333039373434336663316631636363
62633837626434373938663865383137343766653039386262333134316433346132653661646639
31346331363161396132616133376435633435613836666466663234633331333030643361346563
64383930313439663239666432613662313633643836653030316237613032633362313835616630
66626531346131353931636666316530343332633730363832643566336534366136333935333963
30636339386630366261656630643539373332323331666334316131336534356134366537666434
38633232623539333039633131666230373134333066636236303863666137326135643762393334
30343831646462313236356133636333323132636330326432333966623730383864343265636663
32306635616535343366333764336266666463626562656232376331353662396463613536656538
35383030633132373430366134343836646132336363333366396334383338303361333830613339
63633834346264313933383164323731383338306232323537626361373463626364633166353539
32346665316135326136376266653263663966343535343330633737333162666533633838623661
64653063646334363536333765663730386332343238336637373666333238353434343666386566
37313930333134613064373932303531336337656163363334623337633335363639353933316633
32363931363139643736663861323161306333346439666463363331663566643835393136353366
34643266636131323565323061386465656335333931613639663431356563323464303236396661
63363937656538356362616133616232376233346133613262306534383030386663376331346138
33623631326465636265323862363166626165353235393965626231646361303535626230393136
32343032623537633730616335343530643933623563373066323563383239613134613133303937
36626337313233313532313965663963316634613263303065363237653066613566636564663464
62386539356436646661363766356264316362646261313330313135383537353334653130313338
31643465353135316266643931636362343637343637346333303064353037323565303430353735
66323663393836633961306631326466623737653730386232333066356338346433383261376236
30643937653737646262383965613965316163313261336432343862366131376363326662326335
31393635333134393466376130636539636235303834326166323438666530306334653636383736
64666364393763386363626263326235333836363234643236613130393433303961333662366564
62626330633461376262363964373538343865343636653334633339306262363562626166356135
64636537333733323131653933333466353939393935386265663232363139346437393364623339
62616664333865623539646461323534386365633937373966656165643438626263373832383266
64373666383131663463663162393938313238626434363138363634633435386239643138393930
30363535646236623733633661333462363134393464613130363364616665643962376238316137
31656664633166646537366130356139366330353135623038666434353663336433376634383762
6363
