$ANSIBLE_VAULT;1.1;AES256
36663661356461376437313735633835616432326139353434616564373935656663306433636665
6333613739313238626664333263373330616337633634360a323165363961633061626531373739
35313837613762663134393437373762393130623463376263303835306436643238303131346363
3465376630623237320a386463366535623533626433353535636332623430396132623430313231
39613463373033353733663631613563653361613864313264393639363330313437663738373532
62663834306565326530313162366630613935633038353363303232366234616365653935623037
64616662313132666433653335336636666164633463666533376638363039633635326330663933
61616230656461303461363061633565306366336139653037313461343061386139393731316333
66313936666433636338323462353664333738343632323230653139383033386161306562343364
39643862343765656533366233313065633235363738303530303235343232616339376232653663
39626365363635653961323932623364663438346234623934663862393338303966396163646632
62343538626166633262333362336461393932373031303639653530343238663031396137646665
39646439346436623366663236316661623532643535343332326338343339666339653565643630
61366365613863383463313137396135363139616631313263353264396233623263323333643333
62303137383230636662303738666230313537393634326664376636316335656132373162323534
33363066626134613562366663643636643330303862636263636630663132373964653733383539
39303737636465376462653738363336373161656363366434643466646565613337663861623766
61663565663438356434333835333633306161663566396233663632353933623339333036643235
64343536666237353263386534623634333032313936663136656532316163383536643236373537
30643234626231346465326266613632306330626237373764376364623363363236393066363231
31643034353337373266333537646536333466633962356562396338323036626562306530316131
37373165383437373461383231396262613239616462336337336430343633326238386264643737
65643163333234393634623263343362633933636639303362623536386639346537643238636434
31353462336466366232653762666639643339383436323838346134383461656162343834383761
65373836343931333236373438343835303437316662346139373339653035316164383430666631
35333265333362616562313863326135633337636265373635396465346261653366326235643336
37613936386535666463333164303961346365633734333834316339626334653238626366336237
66356538323664666439636130343437366261663164643537666262366233323361336633663332
37633766333861663937373139633862636633336134363537303366653433386236383338663534
63626664393464643562346465653839643735626130356331633532366435313232323133616234
35653061373435636233623932646132636331646636623163303064306131323634616236393665
61623130323261616239313362386365323538396230353938633738353838386539393331346562
39313139333533653538656333663761363931383335366131363339633764316338393565313064
31363636656532383261396166663530346537393535383363616335653731366631636461303335
64396639366338386333306436653234356465623661623230626165323562613731626465316635
62613264653832373238333236373631383263366139383235613931343738633832653036376331
64633466313562646539663838663162303838646430343939646662336639383161393030613861
38386132663834373738353739386262616331343062633339663538626564386438393266613337
34386234393535376336363363613531343063643335613835613035336137373038333538303838
33613133333635376261383964663130356134373037613430383661306163613963653236393333
31386165373463653063333031383530353837376532336565306364336535323731633730643830
65643933396237393362663832346364646432633132663032386530613466663332353535356537
39303133376364316631336636636233326365373466383765613066333563643161653363383234
66303337613236323065326631323765626366656166646564326330316162383765333065633738
33353332343035393532393866616662303630613938323030626131316365396664313434353937
62376466316630306335343766366466613833366132393761663031356138383131306563626634
31323965366438396132633361663361303463386537656362373431373964316639323530343133
32343931383966623438633737373233663136326664653765623663366466646631626334616631
30656135333963623236613361393165636362323263303062613637353836313737323339373764
31303966353065633937396261666561363334363464303830393066633939313135326131326135
66343361643963643432616530353063376436346631616136616465376238653534323131306263
61303232366537373365
