$ANSIBLE_VAULT;1.1;AES256
35393337666438636137386561643065323736636436633662393437626236363033663732363861
3562636264623737363032303238636661313538326562620a383334313234643661346665376439
36613339653063643836653766323665666138653961633036313861356335393137376637666332
3436653436616662310a386437643331303339393163636130366434323933363165326230633262
31303535656562353432613763613533363234633339613137396262316133623635313139303262
39613936393537333639363039666339383366653665356164316634393635666139646638623535
39623961313937663034326561663538656238613333653139656635363931633632393333353531
65343730343066383336336236393231613165373864326632393034313030663862653035303036
35353965633665363336653137623135633338303430366664353634393064656334313631396161
37646461666134646131613566646366636461373166636661326466343838396233336462303464
62396434373664393030623461323461613563316562313630663732666665663534623233663462
36333238623032313137373637316234643534376366656164303739386638653438646264636135
65613337633534313238363637653930323162303164626362333164326630373532346437323835
39303639326362653265313435656534313034303134373463653738343963346134633437623530
65306139333832646439663663376465306361303431346239663836643562613034356335363632
32346539636565616537323438633462663037313162626562633435613739343564623535643330
37346461643833356532366232666665623762383832326466363361616666646437653362393762
37663461363735613237396535663539383135633637303039316530363865323835303930653735
64643462643033613162613635623430656430353565626363626437343763343430646137323334
38333530326562323539346665636232313038333566356538643566363464646338623337346431
34343132363833346564383763616131306663343137643765623861636238393164626534643835
39663638303035343864383138343764656261323637386461623061363933303439306332663664
35373730643965396131343435326130393862613262306634643334613264306663653063663339
36383061366430613665643361366661643835356639373632333830373836393861333137393861
32326361386635326631663532633165393462323032373662626238343838343130623039633464
66633833613635643331633830383433643739373465373734353937666237653431666464663031
31313539356164666461333035316561323031346630376161643038326533336131623738366466
30353165343661346461383833316439343232666133363966643363626132303663313664363864
61653764336463656638393437633232303939323234663633353061633961623130383234336537
32303231626466366433343161333462663233376362653136306330326533633336643035366436
38346233653438343665373464616162373636633638613263323036333334316561303735656130
66626538366330643632303865613432353866333064313265646162323637346233353466373637
63373234303463393335383464376463363131346639636636313262343331393665623664656132
63623736376339653036326235376137663966613233646231656530373435626636333730666163
39636137363966356630613537333436653661326461646133343866343131383030343531346264
36343830383566326237666536306263626565306530333934386263306462316663643861613465
64373663633962653933643564373131336433616262613230353161366662373137333566613237
64653836663231343364316365326539383661656336313130346162346430316435376237663831
38663834613635623233613463636362336262383565656166333566383331373135336462353665
30333661336164633731393130366461373634613636643834396633326430653566363538663762
31386165333736646430336238306361356637633463613437643966366637363964643239383535
30346338356665666435636136646161386564336637326131346265356366356264306234663634
39613539303031363537643933626561626564666431633766653134363862333261316166336636
37616333333433363931386638653838346332633264343235333837616165323730313761633333
61666639323832396261616531336363373137633564313133623266303462616134
